{
 "cells": [
  {
   "cell_type": "code",
   "execution_count": 3,
   "metadata": {},
   "outputs": [],
   "source": [
    "import cv2\n",
    "import numpy as np\n",
    "import os\n",
    "from skimage.feature import local_binary_pattern\n"
   ]
  },
  {
   "cell_type": "code",
   "execution_count": 4,
   "metadata": {},
   "outputs": [],
   "source": [
    "# Set LBP parameters\n",
    "radius = 3\n",
    "n_points = 2 * radius\n",
    "method = 'uniform'\n",
    "n_bins = n_points + 2\n"
   ]
  },
  {
   "cell_type": "code",
   "execution_count": 5,
   "metadata": {},
   "outputs": [],
   "source": [
    "# Set directory paths for train and test images\n",
    "test_dir =r'F:\\for Drishti dataset\\DRISHTI-gs_Nayab\\Test-20211018T060000Z-001'\n",
    "train_dir = r'F:\\for Drishti dataset\\DRISHTI-gs_Nayab\\Training-20211018T055246Z-001'\n"
   ]
  },
  {
   "cell_type": "code",
   "execution_count": 6,
   "metadata": {},
   "outputs": [],
   "source": [
    "# Initialize empty feature and label matrices for train and test sets\n",
    "train_features = np.empty((0, n_bins))\n",
    "train_labels = []\n",
    "test_features = np.empty((0, n_bins))\n",
    "test_labels = []"
   ]
  },
  {
   "cell_type": "code",
   "execution_count": 7,
   "metadata": {},
   "outputs": [],
   "source": [
    "# Loop through train images and extract LBP features and labels\n",
    "for root, dirs, files in os.walk(train_dir):\n",
    "    for file in files:\n",
    "        if file.endswith('.jpg') or file.endswith('.png'):\n",
    "             # Read image and extract green channel\n",
    "            img = cv2.imread(os.path.join(root, file))\n",
    "            b, g, r = cv2.split(img)\n",
    "            gray = g\n",
    "                      \n",
    "            # Compute LBP features and histogram\n",
    "            lbp = local_binary_pattern(gray, n_points, radius, method)\n",
    "            hist, _ = np.histogram(lbp, bins=np.arange(n_bins+1), density=True)\n",
    "            # Append features and label to train set\n",
    "            train_features = np.vstack((train_features, hist))\n",
    "            X_label = os.path.basename(root)\n",
    "            train_labels.append(X_label)\n"
   ]
  },
  {
   "cell_type": "code",
   "execution_count": 8,
   "metadata": {},
   "outputs": [],
   "source": [
    "# Loop through test images and extract LBP features and labels\n",
    "for root, dirs, files in os.walk(test_dir):\n",
    "    for file in files:\n",
    "        if file.endswith('.jpg') or file.endswith('.png'):\n",
    "            # Read image and extract green channel\n",
    "            img = cv2.imread(os.path.join(root, file))\n",
    "            b, g, r = cv2.split(img)\n",
    "            gray = g\n",
    "\n",
    "            # Compute LBP features and histogram\n",
    "            lbp = local_binary_pattern(gray, n_points, radius, method)\n",
    "            hist, _ = np.histogram(lbp, bins=np.arange(n_bins+1), density=True)\n",
    "            # Append features and label to train set\n",
    "            test_features = np.vstack((test_features, hist))\n",
    "            Y_label = os.path.basename(root)\n",
    "            test_labels.append(Y_label)"
   ]
  },
  {
   "cell_type": "code",
   "execution_count": 9,
   "metadata": {},
   "outputs": [],
   "source": [
    "# Save feature and label matrices into CSV files\n",
    "np.savetxt('train_features.csv', train_features, delimiter=',')\n",
    "np.savetxt('train_labels.csv', train_labels, delimiter=',', fmt='%s')\n",
    "np.savetxt('test_features.csv', test_features, delimiter=',')\n",
    "np.savetxt('test_labels.csv', test_labels, delimiter=',', fmt='%s')\n"
   ]
  },
  {
   "cell_type": "code",
   "execution_count": 10,
   "metadata": {},
   "outputs": [],
   "source": [
    "#merging\n",
    "merge_dir =r'F:\\for Drishti dataset\\Merged'\n",
    "# Set LBP parameters\n",
    "radius = 3\n",
    "n_points = 2 * radius\n",
    "method = 'uniform'\n",
    "n_bins = n_points + 2\n",
    "\n",
    "merge_features = np.empty((0, n_points + 2))\n",
    "merge_labels = []\n",
    "\n",
    "# Loop through train images and extract LBP features and labels\n",
    "for root, dirs, files in os.walk(merge_dir):\n",
    "    for file in files:\n",
    "        if file.endswith('.jpg') or file.endswith('.png'):\n",
    "             # Read image and extract green channel\n",
    "            img = cv2.imread(os.path.join(root, file))\n",
    "            b, g, r = cv2.split(img)\n",
    "            gray = g\n",
    "                      \n",
    "            # Compute LBP features and histogram\n",
    "            lbp = local_binary_pattern(gray, n_points, radius, method)\n",
    "            hist, _ = np.histogram(lbp, bins=np.arange(n_bins+1), density=True)\n",
    "            # Append features and label to train set\n",
    "            merge_features = np.vstack((merge_features, hist))\n",
    "            X_label = os.path.basename(root)\n",
    "            merge_labels.append(X_label)\n",
    "\n",
    "# Save feature and label matrices into CSV files\n",
    "np.savetxt('merge_features.csv', merge_features, delimiter=',')\n",
    "np.savetxt('merge_labels.csv', merge_labels, delimiter=',', fmt='%s')\n"
   ]
  },
  {
   "cell_type": "code",
   "execution_count": 11,
   "metadata": {},
   "outputs": [
    {
     "name": "stdout",
     "output_type": "stream",
     "text": [
      "Test Features Mean: [0.04221121 0.04023533 0.02154713 0.02457458 0.02424667 0.04224822\n",
      " 0.73469384 0.07024301]\n",
      "Test Features Standard Deviation: [0.06041409 0.0574861  0.0308353  0.03468892 0.03345406 0.05936816\n",
      " 0.37460501 0.10050739]\n",
      "Train Features Mean: [0.04191993 0.04053383 0.02271508 0.02641212 0.02546206 0.04260777\n",
      " 0.73036079 0.06998843]\n",
      "Train Features Standard Deviation: [0.0594834  0.05735    0.03235591 0.03742064 0.03505236 0.05934205\n",
      " 0.37717961 0.09926041]\n",
      "Train Features Shape: (150, 8)\n",
      "Train Labels Length: 150\n",
      "Test Features Shape: (152, 8)\n",
      "Test Labels Length: 152\n"
     ]
    }
   ],
   "source": [
    "# Calculate mean and standard deviation of train feature matrix\n",
    "train_mean = np.mean(train_features, axis=0)\n",
    "train_std = np.std(train_features, axis=0)\n",
    "# Calculate mean and standard deviation of train feature matrix\n",
    "test_mean = np.mean(test_features, axis=0)\n",
    "test_std = np.std(test_features, axis=0)\n",
    "\n",
    "print('Test Features Mean:', test_mean)\n",
    "print('Test Features Standard Deviation:', test_std)\n",
    "\n",
    "print('Train Features Mean:', train_mean)\n",
    "print('Train Features Standard Deviation:', train_std)\n",
    "\n",
    "# Print the shape of the feature matrix and length of label list for train and test sets\n",
    "print('Train Features Shape:', train_features.shape)\n",
    "print('Train Labels Length:', len(train_labels))\n",
    "print('Test Features Shape:', test_features.shape)\n",
    "print('Test Labels Length:', len(test_labels))\n"
   ]
  },
  {
   "cell_type": "code",
   "execution_count": 12,
   "metadata": {},
   "outputs": [],
   "source": [
    "from sklearn import svm\n",
    "from sklearn.neighbors import KNeighborsClassifier \n",
    "from sklearn.metrics import accuracy_score, roc_curve, auc, \\\n",
    "    f1_score, precision_score, recall_score,precision_recall_curve, PrecisionRecallDisplay,\\\n",
    "    classification_report, confusion_matrix, ConfusionMatrixDisplay\n",
    "from sklearn.preprocessing import StandardScaler\n",
    "import numpy as np\n",
    "import matplotlib.pyplot as plt\n",
    "import seaborn as sns\n"
   ]
  },
  {
   "cell_type": "code",
   "execution_count": 13,
   "metadata": {},
   "outputs": [
    {
     "name": "stdout",
     "output_type": "stream",
     "text": [
      "train_labels [['1.343704036931834822e-01' '1.228346404020961014e-01'\n",
      "  '6.026313068262742489e-02' '6.630416029437546932e-02'\n",
      "  '6.585402359496728142e-02' '1.251915171390593495e-01'\n",
      "  '2.065338665850567357e-01' '2.186482576086341556e-01']\n",
      " ['1.418732067298567601e-01' '1.259020776813924158e-01'\n",
      "  '4.760078596867289846e-02' '3.983962443201482378e-02'\n",
      "  '4.984621138538142954e-02' '1.261730917372810290e-01'\n",
      "  '2.309838005604492595e-01' '2.377812015049513839e-01']\n",
      " ['1.326099315322441241e-01' '1.255784682474637426e-01'\n",
      "  '6.000267172275849242e-02' '5.884622124808334270e-02'\n",
      "  '6.253053248656570418e-02' '1.253662856915915558e-01'\n",
      "  '2.162701250571767986e-01' '2.187957640141162396e-01']\n",
      " ['1.103677827394554251e-01' '1.183160690217924249e-01'\n",
      "  '8.448931928257132074e-02' '1.006293593563815925e-01'\n",
      "  '9.244619201858662871e-02' '1.303479064841020496e-01'\n",
      "  '1.732787899637097673e-01' '1.901245811334008051e-01']\n",
      " ['1.284620958359728726e-01' '1.225557000038603878e-01'\n",
      "  '6.383751037653238869e-02' '6.983333393507269726e-02'\n",
      "  '6.817114467212101458e-02' '1.242828771176943820e-01'\n",
      "  '2.084485317050451536e-01' '2.144088063537011035e-01']\n",
      " ['1.277463385861823397e-01' '1.214676816239316226e-01'\n",
      "  '6.703586850071224790e-02' '7.624031784188034511e-02'\n",
      "  '7.326277599715100286e-02' '1.281586649750712237e-01'\n",
      "  '1.930221688034187977e-01' '2.130661836716524205e-01']\n",
      " ['1.272613152197618058e-01' '1.202027670359948758e-01'\n",
      "  '6.494582417991584533e-02' '7.615306464396087716e-02'\n",
      "  '7.207804296831366031e-02' '1.235583699913297417e-01'\n",
      "  '2.012412300065425930e-01' '2.145593859541806148e-01']\n",
      " ['1.279569497092913066e-01' '1.233088420456799339e-01'\n",
      "  '6.656632815651247759e-02' '7.301952617492439568e-02'\n",
      "  '7.493464904363639212e-02' '1.326696840646177655e-01'\n",
      "  '1.899787957595976129e-01' '2.115652250457401018e-01']\n",
      " ['1.270362993860795486e-01' '1.230735827707005042e-01'\n",
      "  '6.811274090218887023e-02' '7.535174120420823352e-02'\n",
      "  '7.512014663944317772e-02' '1.312985301260826410e-01'\n",
      "  '1.890396202071824849e-01' '2.109673387641145259e-01']\n",
      " ['1.303031227805397652e-01' '1.244970148259943177e-01'\n",
      "  '6.363636363636362980e-02' '6.484541459517045858e-02'\n",
      "  '6.722051447088067677e-02' '1.267370050603693066e-01'\n",
      "  '2.066370183771306934e-01' '2.161235462535511243e-01']\n",
      " ['1.275803990121812392e-01' '1.223061128222203697e-01'\n",
      "  '6.546186076195233128e-02' '7.195787896445517140e-02'\n",
      "  '6.843558367324287239e-02' '1.240198118704736591e-01'\n",
      "  '2.076231304975165726e-01' '2.126152223979577705e-01']\n",
      " ['1.170867315278578125e-01' '1.189544457249235437e-01'\n",
      "  '7.803482780018616838e-02' '9.314497362705553840e-02'\n",
      "  '8.727089889632551334e-02' '1.278769225654891317e-01'\n",
      "  '1.811383582288019212e-01' '1.964928416293603985e-01']\n",
      " ['1.119473468210657047e-01' '1.156051732552464684e-01'\n",
      "  '8.091752074182527454e-02' '1.144488442255645749e-01'\n",
      "  '9.273564710058121441e-02' '1.245485602733040487e-01'\n",
      "  '1.711197812680243235e-01' '1.886771263143884048e-01']\n",
      " ['1.326999479759533307e-01' '1.237146836760102397e-01'\n",
      "  '5.999411950412635031e-02' '6.242663275469550327e-02'\n",
      "  '6.306470546385885279e-02' '1.247940714819294195e-01'\n",
      "  '2.132385636027319398e-01' '2.200672755406943570e-01']\n",
      " ['1.321874617693737097e-01' '1.244452137960650462e-01'\n",
      "  '6.070600402189656186e-02' '5.966654710276697582e-02'\n",
      "  '6.341630402186881899e-02' '1.256386335094612228e-01'\n",
      "  '2.135380733345594861e-01' '2.204017624440081646e-01']\n",
      " ['1.340364063391329130e-01' '1.258768450513405579e-01'\n",
      "  '5.958117557401597375e-02' '5.731274288719338111e-02'\n",
      "  '6.328799067669708955e-02' '1.262551028593839053e-01'\n",
      "  '2.128900679192812229e-01' '2.207596686929549357e-01']\n",
      " ['1.255455027050927375e-01' '1.221581231342090262e-01'\n",
      "  '6.928096396129583556e-02' '7.721061903589966635e-02'\n",
      "  '7.647007295616373157e-02' '1.299267657491181283e-01'\n",
      "  '1.899788514722628996e-01' '2.094291009859579888e-01']\n",
      " ['1.349754864275190258e-01' '1.240770743531561526e-01'\n",
      "  '5.866936330329459992e-02' '6.215823425538546249e-02'\n",
      "  '6.429943565816294282e-02' '1.299167903721842321e-01'\n",
      "  '2.022321767435109885e-01' '2.236714388867865888e-01']\n",
      " ['1.343498430450460190e-01' '1.193429569520021299e-01'\n",
      "  '5.385150760698811934e-02' '5.562007584388078962e-02'\n",
      "  '5.782058153124939454e-02' '1.124979129557251434e-01'\n",
      "  '2.350602221814294124e-01' '2.314568998836789848e-01']\n",
      " ['1.312023378013173758e-01' '1.236683817969159854e-01'\n",
      "  '6.344744228165064004e-02' '6.900099505079303197e-02'\n",
      "  '7.017255582855642937e-02' '1.295968450987721732e-01'\n",
      "  '1.959443713681408017e-01' '2.169670707738535764e-01']\n",
      " ['1.114335716902130208e-01' '1.154227062268762122e-01'\n",
      "  '8.027468768437773239e-02' '1.077343194314431124e-01'\n",
      "  '9.219530036316961330e-02' '1.271049343390338038e-01'\n",
      "  '1.751085535760315282e-01' '1.907259266888549909e-01']\n",
      " ['1.251710786662407759e-01' '1.222278046919364064e-01'\n",
      "  '6.911799936115843590e-02' '7.666459264977285026e-02'\n",
      "  '7.378176462237365230e-02' '1.245705010469903423e-01'\n",
      "  '2.005998567042873437e-01' '2.078664022572402070e-01']\n",
      " ['1.369398597985713728e-01' '1.262356360086960283e-01'\n",
      "  '5.623363946936421609e-02' '5.290524202493455952e-02'\n",
      "  '5.871433958915657503e-02' '1.254564310750255207e-01'\n",
      "  '2.194174541905142273e-01' '2.240973978437375280e-01']\n",
      " ['1.368677312677556712e-01' '1.257640491832386354e-01'\n",
      "  '5.593677867542613813e-02' '5.270857377485795719e-02'\n",
      "  '5.911809747869318371e-02' '1.263738458806818177e-01'\n",
      "  '2.175198641690340995e-01' '2.257110595703125111e-01']\n",
      " ['1.318498798635923952e-01' '1.234297506784268333e-01'\n",
      "  '5.535820338682083397e-02' '5.193122207915339822e-02'\n",
      "  '5.479121842652817653e-02' '1.074002923020233452e-01'\n",
      "  '2.528419402340348343e-01' '2.223974930294201902e-01']\n",
      " ['1.089229177920925939e-01' '1.147541847809952359e-01'\n",
      "  '8.430907241042441547e-02' '1.198440926132938039e-01'\n",
      "  '9.479464323616589028e-02' '1.244134952892341217e-01'\n",
      "  '1.676007181639374843e-01' '1.853608757138564544e-01']\n",
      " ['1.268783817531008162e-01' '1.225250423152695750e-01'\n",
      "  '6.683703765365298088e-02' '7.575321179832958385e-02'\n",
      "  '7.096506562335247459e-02' '1.237390049668414815e-01'\n",
      "  '2.038511057465523524e-01' '2.094511501429007494e-01']\n",
      " ['1.311583569183827069e-01' '1.245539891278877459e-01'\n",
      "  '6.238003200808345250e-02' '6.490611128376345962e-02'\n",
      "  '6.851574561716936018e-02' '1.310134951353585098e-01'\n",
      "  '1.989450849200268823e-01' '2.185271849893278828e-01']\n",
      " ['1.301514601661014625e-01' '1.221764768860913314e-01'\n",
      "  '6.454347127846395138e-02' '6.936494628051484423e-02'\n",
      "  '7.144114494041287067e-02' '1.295466206154346767e-01'\n",
      "  '1.972319205115691254e-01' '2.155439593214117378e-01']\n",
      " ['1.224857097965931507e-01' '1.197401553672905600e-01'\n",
      "  '7.071200043381595246e-02' '8.583688242058178097e-02'\n",
      "  '8.119171467146088506e-02' '1.280827698592461872e-01'\n",
      "  '1.865900814656305251e-01' '2.053606859853809585e-01']\n",
      " ['1.401644450780724915e-01' '1.253386647367670803e-01'\n",
      "  '5.368054042396598613e-02' '5.048660867110063566e-02'\n",
      "  '5.898283540677572157e-02' '1.298879529235439922e-01'\n",
      "  '2.098648633190832169e-01' '2.315940894406908757e-01']\n",
      " ['1.400568868086556062e-01' '1.257810067317453318e-01'\n",
      "  '5.341383687142101100e-02' '4.924800218945792757e-02'\n",
      "  '5.808374955840812232e-02' '1.299954339748575494e-01'\n",
      "  '2.113432910848009882e-01' '2.320777927806534635e-01']\n",
      " ['1.342547819808899145e-01' '1.263286375142612661e-01'\n",
      "  '5.924052071448944468e-02' '5.663728251568739269e-02'\n",
      "  '6.224429995008556871e-02' '1.261180610025670334e-01'\n",
      "  '2.141560338526811158e-01' '2.210203824693382779e-01']\n",
      " ['1.355532559481534005e-01' '1.242645263671875028e-01'\n",
      "  '5.748734907670454558e-02' '5.913169167258523068e-02'\n",
      "  '6.487399014559659671e-02' '1.324998335404829475e-01'\n",
      "  '2.012176513671875000e-01' '2.249717018821022763e-01']\n",
      " ['1.325418103535578318e-01' '1.244437378596195409e-01'\n",
      "  '6.122622247267139883e-02' '6.210825119978380382e-02'\n",
      "  '6.485449855459934909e-02' '1.259522594668262552e-01'\n",
      "  '2.096573128338647951e-01' '2.192159072590769975e-01']\n",
      " ['1.272189038216912649e-01' '1.217225264089375619e-01'\n",
      "  '6.563602676843094397e-02' '7.496377412753719993e-02'\n",
      "  '7.416763453348819424e-02' '1.298293789060339654e-01'\n",
      "  '1.938460262153642033e-01' '2.126157292185166803e-01']\n",
      " ['1.296938182817820584e-01' '1.225649674553064700e-01'\n",
      "  '6.471694097616345620e-02' '7.050232557108399023e-02'\n",
      "  '7.285810247587967692e-02' '1.302256069984392695e-01'\n",
      "  '1.947931815763337127e-01' '2.146450566650113523e-01']\n",
      " ['1.350676619354164720e-01' '1.257329880904545227e-01'\n",
      "  '5.711735534617935067e-02' '5.543643601752446665e-02'\n",
      "  '5.951521497371496661e-02' '1.248607107268162875e-01'\n",
      "  '2.193773401292604397e-01' '2.228922927806334942e-01']\n",
      " ['1.184042104796131090e-01' '1.185520098495940339e-01'\n",
      "  '7.644638182705532081e-02' '9.490854740671723910e-02'\n",
      "  '8.506838147211499834e-02' '1.278350858511912713e-01'\n",
      "  '1.801654909268379234e-01' '1.986198921868760903e-01']\n",
      " ['1.225510305043518156e-01' '1.215285305015725154e-01'\n",
      "  '7.170673843899630362e-02' '8.264184651438392926e-02'\n",
      "  '7.795263204118682565e-02' '1.237514049300119795e-01'\n",
      "  '1.962291178206825581e-01' '2.036386992488140868e-01']\n",
      " ['1.309669156670935641e-01' '1.215301483205344785e-01'\n",
      "  '5.705320464949505815e-02' '5.793359308351658798e-02'\n",
      "  '6.466061500471399770e-02' '1.259926023641395609e-01'\n",
      "  '2.157264901286150283e-01' '2.261364307818917174e-01']\n",
      " ['1.308102151079118813e-01' '1.237059856150797832e-01'\n",
      "  '6.351910872647981154e-02' '6.802247716616571793e-02'\n",
      "  '7.226919993973682232e-02' '1.306714877208227932e-01'\n",
      "  '1.945782007668294955e-01' '2.164233249569736950e-01']\n",
      " ['1.246018214548994946e-01' '1.206659197920931514e-01'\n",
      "  '7.097993653503902045e-02' '8.259081875779089588e-02'\n",
      "  '7.903416771237412042e-02' '1.289620962538066962e-01'\n",
      "  '1.861719134743868853e-01' '2.069933260196097358e-01']\n",
      " ['1.362629837791690390e-01' '1.257578502952475807e-01'\n",
      "  '5.732705339356858332e-02' '5.538032023690950267e-02'\n",
      "  '6.041236838360842382e-02' '1.254849463752134298e-01'\n",
      "  '2.161257314492031900e-01' '2.232487460870802576e-01']\n",
      " ['1.200569013709570088e-01' '1.196312502772971242e-01'\n",
      "  '7.229940325657749356e-02' '8.762145614268601612e-02'\n",
      "  '8.328314255290829304e-02' '1.316834154132836554e-01'\n",
      "  '1.826256710590531962e-01' '2.027987599272372266e-01']\n",
      " ['1.268870292848376657e-01' '1.178488270314188152e-01'\n",
      "  '6.052835665228776391e-02' '6.612449000612939665e-02'\n",
      "  '6.736307129359803136e-02' '1.163511205892718559e-01'\n",
      "  '2.214945008653671499e-01' '2.234026042770893283e-01']\n",
      " ['1.281611475065309869e-01' '1.227587589092229980e-01'\n",
      "  '6.586805512061985612e-02' '6.972527373113597549e-02'\n",
      "  '7.177121129246190334e-02' '1.293483480098037985e-01'\n",
      "  '1.968976905957853796e-01' '2.154695148344391020e-01']\n",
      " ['1.294329118243881804e-01' '1.213116573236551893e-01'\n",
      "  '6.427077391138999451e-02' '7.556631028835360253e-02'\n",
      "  '7.000622867431839647e-02' '1.263807498833169063e-01'\n",
      "  '1.979026040542703202e-01' '2.151287640403073964e-01']\n",
      " ['1.285880551335845112e-01' '1.214967108565157133e-01'\n",
      "  '6.521739130434782428e-02' '7.296706618216211582e-02'\n",
      "  '7.130269711996395365e-02' '1.264861931816914364e-01'\n",
      "  '1.985487170221261477e-01' '2.153931691996082975e-01']\n",
      " ['1.322085273135278072e-01' '1.234492748769132897e-01'\n",
      "  '6.180208996215293127e-02' '6.215404539415659430e-02'\n",
      "  '6.676323810161771677e-02' '1.287567962845117264e-01'\n",
      "  '2.037623784483817424e-01' '2.211036496187382128e-01']\n",
      " ['1.223238858309659144e-01' '1.206870339133522679e-01'\n",
      "  '7.420460094105113535e-02' '8.537986061789772096e-02'\n",
      "  '8.057112260298295026e-02' '1.272821599786931879e-01'\n",
      "  '1.854567094282670581e-01' '2.040946266867897652e-01']\n",
      " ['1.284758443797247018e-01' '1.238270473791425602e-01'\n",
      "  '6.595706948166943362e-02' '7.030045683381232202e-02'\n",
      "  '7.060280403363460022e-02' '1.258454794221549322e-01'\n",
      "  '2.027616604819124924e-01' '2.122296379879489991e-01']\n",
      " ['1.325394422297427321e-01' '1.226435452922765013e-01'\n",
      "  '5.917547296381736599e-02' '6.538072702068065123e-02'\n",
      "  '6.528370022288282337e-02' '1.288114384557348668e-01'\n",
      "  '2.035220727600610957e-01' '2.226436010548039635e-01']\n",
      " ['1.227020824346752165e-01' '1.201064234131508923e-01'\n",
      "  '7.276650716530071172e-02' '8.894207458778760622e-02'\n",
      "  '7.937728705007184027e-02' '1.274241476819915064e-01'\n",
      "  '1.845637565191028118e-01' '2.041177211479194009e-01']\n",
      " ['1.284991307514448122e-01' '1.220132312018244597e-01'\n",
      "  '6.597032554764875600e-02' '7.562143719641081785e-02'\n",
      "  '7.414843988383414131e-02' '1.291759058102053270e-01'\n",
      "  '1.919835135156856831e-01' '2.125880160929460028e-01']\n",
      " ['1.256861803383893805e-01' '1.223866881638625698e-01'\n",
      "  '6.961895193678692417e-02' '7.715823051553039047e-02'\n",
      "  '7.287266407357434472e-02' '1.240949772084775776e-01'\n",
      "  '2.009357994623481303e-01' '2.072465083010306686e-01']\n",
      " ['1.155346632913542143e-01' '1.163012731721037862e-01'\n",
      "  '7.464137305163272285e-02' '9.767336952772161240e-02'\n",
      "  '8.663514252203771693e-02' '1.265827084228905719e-01'\n",
      "  '1.832460316196723449e-01' '1.993854383925870444e-01']\n",
      " ['1.358696014248152450e-01' '1.253975092382035306e-01'\n",
      "  '5.700149232518476189e-02' '5.759414750923820547e-02'\n",
      "  '6.388906161171120646e-02' '1.338759482482944907e-01'\n",
      "  '2.010749960027004013e-01' '2.252972436398521794e-01']\n",
      " ['1.190808753865597730e-01' '1.158591607076826235e-01'\n",
      "  '6.695072639202909182e-02' '8.048169808509189616e-02'\n",
      "  '7.720272380913835442e-02' '1.155924091711017926e-01'\n",
      "  '2.133184443050386569e-01' '2.115139621433577977e-01']\n",
      " ['1.342434018549293617e-01' '1.247652282905505478e-01'\n",
      "  '5.732447417393028016e-02' '5.677951186391290428e-02'\n",
      "  '6.024363707845705601e-02' '1.246075784794383745e-01'\n",
      "  '2.192369471100175937e-01' '2.227992211487638541e-01']\n",
      " ['1.274909601135809090e-01' '1.214090021740094893e-01'\n",
      "  '6.681890279071830974e-02' '7.501968809618882184e-02'\n",
      "  '7.372637428457340381e-02' '1.284900616708815890e-01'\n",
      "  '1.943478526110297699e-01' '2.126971582590176935e-01']\n",
      " ['1.240790820868945821e-01' '1.216668892450142453e-01'\n",
      "  '6.978304175569800816e-02' '7.905676860754985713e-02'\n",
      "  '7.393746661324786251e-02' '1.252478966346153855e-01'\n",
      "  '1.984475160256410353e-01' '2.077813390313390240e-01']\n",
      " ['1.301435289370699577e-01' '1.239504509173836450e-01'\n",
      "  '6.185275716669397239e-02' '6.394461033626810953e-02'\n",
      "  '6.446820059943979275e-02' '1.238949988352276155e-01'\n",
      "  '2.148029751296018364e-01' '2.169424780783150708e-01']\n",
      " ['1.327672527892268250e-01' '1.245714006537805563e-01'\n",
      "  '6.074618479960204598e-02' '6.209444064454235079e-02'\n",
      "  '6.525397287166002924e-02' '1.252231825611142824e-01'\n",
      "  '2.105966191728254611e-01' '2.187469465072484354e-01']\n",
      " ['1.365170565518465939e-01' '1.258630925958806879e-01'\n",
      "  '5.643310546875000139e-02' '5.558277476917613397e-02'\n",
      "  '5.891806862571023068e-02' '1.252735484730113646e-01'\n",
      "  '2.177121249112215773e-01' '2.237002286044034172e-01']\n",
      " ['1.269316978619943470e-01' '1.220121250078425590e-01'\n",
      "  '6.700929613546606489e-02' '7.781203517240575795e-02'\n",
      "  '7.545343853740357765e-02' '1.299154780683271226e-01'\n",
      "  '1.892582246896429843e-01' '2.116077045269176005e-01']\n",
      " ['1.216132812499999966e-01' '1.201883370535714313e-01'\n",
      "  '7.241768973214285365e-02' '8.574637276785714024e-02'\n",
      "  '7.984235491071428603e-02' '1.246573660714285769e-01'\n",
      "  '1.921584821428571344e-01' '2.033761160714285809e-01']\n",
      " ['1.208261356972165634e-01' '1.195830224885403026e-01'\n",
      "  '7.186944385710847261e-02' '8.899642678092456460e-02'\n",
      "  '7.922200368891317568e-02' '1.283896045522305573e-01'\n",
      "  '1.878696725856834615e-01' '2.032436903493828884e-01']\n",
      " ['1.350829373362348318e-01' '1.246033552427055074e-01'\n",
      "  '5.829734200826042212e-02' '5.760536483545765363e-02'\n",
      "  '6.452791224408224724e-02' '1.314839898743171698e-01'\n",
      "  '2.040072500777190545e-01' '2.243918483812230857e-01']\n",
      " ['1.199888447326221824e-01' '1.185233270362737873e-01'\n",
      "  '7.064150842769895133e-02' '9.014489347914067530e-02'\n",
      "  '8.344451101679872806e-02' '1.316893758022362193e-01'\n",
      "  '1.825861165253230833e-01' '2.029814229799063452e-01']\n",
      " ['1.281775975773047638e-01' '1.232799266962273238e-01'\n",
      "  '6.481683094665037503e-02' '6.832656886341610669e-02'\n",
      "  '7.301845525369195233e-02' '1.329796064788744125e-01'\n",
      "  '1.936885340496858343e-01' '2.157124801341492315e-01']\n",
      " ['1.354234406178734251e-01' '1.265934560290764010e-01'\n",
      "  '5.905976072548460576e-02' '5.523090079817560144e-02'\n",
      "  '6.105687001140251008e-02' '1.258805208630273675e-01'\n",
      "  '2.149996436716077597e-01' '2.217554072833523293e-01']\n",
      " ['1.361390189356195268e-01' '1.213207315916265683e-01'\n",
      "  '4.943083733629519139e-02' '4.353251314451032916e-02'\n",
      "  '5.160445081809991730e-02' '1.128928725005002992e-01'\n",
      "  '2.472587472535538455e-01' '2.378208284197943223e-01']\n",
      " ['1.277239071323990893e-01' '1.214836505612493928e-01'\n",
      "  '6.788649515443073712e-02' '7.813595482116711399e-02'\n",
      "  '7.467977410583559461e-02' '1.280019521717911113e-01'\n",
      "  '1.922493202258941658e-01' '2.098389458272328090e-01']\n",
      " ['1.353044084821428683e-01' '1.258334263392857089e-01'\n",
      "  '5.906529017857142794e-02' '5.619363839285713980e-02'\n",
      "  '6.177734374999999806e-02' '1.261121651785714337e-01'\n",
      "  '2.144637276785714419e-01' '2.212500000000000022e-01']\n",
      " ['1.164308439813539348e-01' '1.178375396864372593e-01'\n",
      "  '7.649317142182530949e-02' '9.884021129845782516e-02'\n",
      "  '8.682586466699461492e-02' '1.290547587516865657e-01'\n",
      "  '1.776287660670591573e-01' '1.968888441261853195e-01']\n",
      " ['1.098771895036023544e-01' '1.165737325665939655e-01'\n",
      "  '7.846255535726089081e-02' '1.058303919624562078e-01'\n",
      "  '9.097283363077533769e-02' '1.332608896820675626e-01'\n",
      "  '1.748940445502016050e-01' '1.901283627470421178e-01']\n",
      " ['1.291744021816372823e-01' '1.228583912201534900e-01'\n",
      "  '6.342853938672540770e-02' '6.949805020608300354e-02'\n",
      "  '6.701389505756111253e-02' '1.237167002735929527e-01'\n",
      "  '2.097921626279135865e-01' '2.145178590463331370e-01']\n",
      " ['1.325683593750000000e-01' '1.252102938565340939e-01'\n",
      "  '6.093611283735795442e-02' '6.230024857954545581e-02'\n",
      "  '6.839127974076704419e-02' '1.344651655717329641e-01'\n",
      "  '1.960343794389204641e-01' '2.200941606001420581e-01']\n",
      " ['1.044507566269566867e-01' '1.143857645255342836e-01'\n",
      "  '9.087956422562211423e-02' '1.261565376732649568e-01'\n",
      "  '1.022760037984421083e-01' '1.255347821295099420e-01'\n",
      "  '1.597296671464815965e-01' '1.765869238741882841e-01']\n",
      " ['1.070436236933797886e-01' '1.153307317073170718e-01'\n",
      "  '8.964013937282229449e-02' '1.206388850174216071e-01'\n",
      "  '9.641449477351916875e-02' '1.200214634146341414e-01'\n",
      "  '1.708668989547038330e-01' '1.800437630662020949e-01']\n",
      " ['1.219764148850587676e-01' '1.203850432834658868e-01'\n",
      "  '7.291484417924375128e-02' '8.663501782096218184e-02'\n",
      "  '7.914722796349360490e-02' '1.247394802189133456e-01'\n",
      "  '1.925422907770486525e-01' '2.016596808718137956e-01']\n",
      " ['1.298976089015151381e-01' '1.242107655267295635e-01'\n",
      "  '6.537971474771298031e-02' '6.876139043739279422e-02'\n",
      "  '7.009027479988565179e-02' '1.260176015759005008e-01'\n",
      "  '2.028874200435963338e-01' '2.127552239672670098e-01']\n",
      " ['1.296482378620102127e-01' '1.234278508304940403e-01'\n",
      "  '6.616335711243612194e-02' '6.941662452086883039e-02'\n",
      "  '7.240537159284497759e-02' '1.294144950489778401e-01'\n",
      "  '1.949057375958262450e-01' '2.146183254365417459e-01']\n",
      " ['1.344450859350712901e-01' '1.246250055513611898e-01'\n",
      "  '6.071273926366745066e-02' '6.135086823289070262e-02'\n",
      "  '6.697189900963716747e-02' '1.307623129191277656e-01'\n",
      "  '1.993318936803304131e-01' '2.218001954079140137e-01']\n",
      " ['1.209371785435584545e-01' '1.216402259506242922e-01'\n",
      "  '7.376012033555619241e-02' '8.283073433952894971e-02'\n",
      "  '7.813636182250283113e-02' '1.227603353788308677e-01'\n",
      "  '1.980692661038592484e-01' '2.018657775255391640e-01']\n",
      " ['1.213601985116081333e-01' '1.195140383300138665e-01'\n",
      "  '7.306926703962719760e-02' '8.919972642883337854e-02'\n",
      "  '8.113227076867599030e-02' '1.283180103429489571e-01'\n",
      "  '1.833486090219496878e-01' '2.040578795563428027e-01']\n",
      " ['1.228333502153220874e-01' '1.216912348435318647e-01'\n",
      "  '7.399166392508750578e-02' '8.451486326565749163e-02'\n",
      "  '7.820685933340978946e-02' '1.243588681086954528e-01'\n",
      "  '1.932142218337969675e-01' '2.011889384744988407e-01']\n",
      " ['1.153782081708267515e-01' '1.180625839041817421e-01'\n",
      "  '8.004741466991804888e-02' '1.013951777785032787e-01'\n",
      "  '8.963080346267726650e-02' '1.287183277846003226e-01'\n",
      "  '1.744534491019200662e-01' '1.923140351273725235e-01']\n",
      " ['1.286879332833047451e-01' '1.222425649478273285e-01'\n",
      "  '6.698861402944539245e-02' '7.771377170883361774e-02'\n",
      "  '7.366821219268153420e-02' '1.290374633719268138e-01'\n",
      "  '1.898593280981989706e-01' '2.118021123677815976e-01']\n",
      " ['1.196577835418148328e-01' '1.202878299795004796e-01'\n",
      "  '7.587583148558758872e-02' '9.082263035323320799e-02'\n",
      "  '8.247556094771925361e-02' '1.235535288457515757e-01'\n",
      "  '1.894417716046800371e-01' '1.978850632417130384e-01']\n",
      " ['1.247396578232265463e-01' '1.215264431671910783e-01'\n",
      "  '7.019126769879863170e-02' '8.167258116418764369e-02'\n",
      "  '7.875183245137300225e-02' '1.307392600471967981e-01'\n",
      "  '1.855588864952803230e-01' '2.068200711527460045e-01']\n",
      " ['1.150637941853168839e-01' '1.191535940877082866e-01'\n",
      "  '8.249877989263054712e-02' '1.027584187408491917e-01'\n",
      "  '8.712626368263264032e-02' '1.208703897371540131e-01'\n",
      "  '1.826008505891375533e-01' '1.899279090845708839e-01']\n",
      " ['1.251462053571428534e-01' '1.205340401785714305e-01'\n",
      "  '7.146986607142857828e-02' '8.675697544642857473e-02'\n",
      "  '7.906277901785714601e-02' '1.281157924107142743e-01'\n",
      "  '1.834285714285714408e-01' '2.054857700892857020e-01']\n",
      " ['1.358866155407496279e-01' '1.253148630424245902e-01'\n",
      "  '5.952589236657856997e-02' '6.141221044947667296e-02'\n",
      "  '6.812900964673113124e-02' '1.327775391976060426e-01'\n",
      "  '1.965588088961662816e-01' '2.203950608602670835e-01']\n",
      " ['1.211677536714139969e-01' '1.199717833602747530e-01'\n",
      "  '7.353766399596395331e-02' '9.260705622483572652e-02'\n",
      "  '8.367327519790294932e-02' '1.281733604449701580e-01'\n",
      "  '1.809905458072534612e-01' '1.998785612973850156e-01']\n",
      " ['1.316092454616923924e-01' '1.251060874070897555e-01'\n",
      "  '6.186877992781589231e-02' '6.369795016795311293e-02'\n",
      "  '6.512398826114923489e-02' '1.241136117960262991e-01'\n",
      "  '2.151005931961120776e-01' '2.133797437821612353e-01']\n",
      " ['1.308349887483944152e-01' '1.233470536220332425e-01'\n",
      "  '6.449970319907795402e-02' '7.046283057530192129e-02'\n",
      "  '7.111009134313875379e-02' '1.286833218003910484e-01'\n",
      "  '1.957279112481400962e-01' '2.153340994635225547e-01']\n",
      " ['1.166034778013009393e-01' '1.185746243897021490e-01'\n",
      "  '8.018023825090318801e-02' '1.007868681008823042e-01'\n",
      "  '8.800622596583811130e-02' '1.261508702874486465e-01'\n",
      "  '1.759465982234567072e-01' '1.937510969804679684e-01']\n",
      " ['1.205644296740994853e-01' '1.197657031696683777e-01'\n",
      "  '7.714536654874214194e-02' '9.233624571183533802e-02'\n",
      "  '8.384729890294453925e-02' '1.268263784662664317e-01'\n",
      "  '1.805144234205260101e-01' '1.990001541059176760e-01']]\n",
      "train_labels [1 1 1 1 1 1 1 1 1 1 1 1 1 1 1 1 1 1 1 1 1 1 1 1 1 1 1 1 1 1 1 1 1 1 1 1 1\n",
      " 1 1 1 1 1 1 1 1 1 1 1 1 1 1 1 1 1 1 1 1 1 1 1 1 1 1 1 1 1 1 1 1 1 1 1 1 1\n",
      " 1 1 1 1 1 1 1 1 1 1 1 1 1 1 1 1 1 1 1 1 1 1 1 1 1 1 0 0 0 0 0 0 0 0 0 0 0\n",
      " 0 0 0 0 0 0 0 0 0 0 0 0 0 0 0 0 0 0 0 0 0 1 1 1 1 1 1 1 1 1 1 1 1 1 1 1 1\n",
      " 1 1]\n",
      "test_labels [0 0 0 0 0 0 0 0 0 0 0 0 0 0 0 0 0 0 0 0 0 0 0 0 0 0 0 0 0 0 0 0 0 0 0 0 0\n",
      " 1 1 1 1 1 1 1 1 1 1 1 1 1 1 1 1 1 1 1 1 1 1 1 1 1 1 1 1 1 1 1 1 1 1 1 1 1\n",
      " 1 1 1 1 1 1 1 1 1 1 1 1 1 1 1 1 1 1 1 1 1 1 1 1 1 1 1 1 1 1 1 1 1 1 1 1 1\n",
      " 1 1 1 1 1 1 1 1 1 1 1 1 1 1 1 1 1 1 1 1 1 1 1 1 1 1 1 1 1 1 1 1 1 1 1 1 1\n",
      " 1 1 1 1]\n"
     ]
    }
   ],
   "source": [
    "# Load train and test feature matrices and label lists from CSV files\n",
    "train_features = np.loadtxt('train_features.csv', delimiter=',')\n",
    "train_labels = np.loadtxt('train_labels.csv', delimiter=',', dtype=str)\n",
    "test_features = np.loadtxt('test_features.csv', delimiter=',')\n",
    "test_labels = np.loadtxt('test_labels.csv', delimiter=',', dtype=str)\n",
    "merge_features = np.loadtxt('merge_features.csv', delimiter=',')\n",
    "merge_labels = np.loadtxt('merge_features.csv', delimiter=',', dtype=str)\n",
    "train_labels = np.where(train_labels == 'glaucoma', 0, 1)\n",
    "test_labels = np.where(test_labels == 'glaucoma', 0, 1)\n",
    "\n",
    "#train_labels = np.where(train_labels == 'NORMAL', 1, 1)\n",
    "#test_labels = np.where(test_labels == 'NORMAL', 1, 1)\n",
    "print('train_labels', merge_labels)\n",
    "print('train_labels', train_labels)\n",
    "print('test_labels', test_labels)\n",
    "\n"
   ]
  },
  {
   "cell_type": "code",
   "execution_count": 14,
   "metadata": {},
   "outputs": [
    {
     "name": "stdout",
     "output_type": "stream",
     "text": [
      "[0 0 0 0 0 0 0 0 0 0 0 0 0 0 0 0 0 0 0 0 0 0 0 0 0 0 0 0 0 0 0 0 0 0 0 0 0\n",
      " 1 1 1 1 1 1 1 1 1 1 1 1 1 1 1 1 1 1 1 1 1 1 1 1 1 1 1 1 1 1 1 1 1 1 1 1 1\n",
      " 1 1 1 1 1 1 1 1 1 1 1 1 1 1 1 1 1 1 1 1 1 1 1 1 1 1 1 1 1 1 1 1 1 1 1 1 1\n",
      " 1 1 1 1 1 1 1 1 1 1 1 1 1 1 1 1 1 1 1 1 1 1 1 1 1 1 1 1 1 1 1 1 1 1 1 1 1\n",
      " 1 1 1 1]\n"
     ]
    }
   ],
   "source": [
    "#  Normalize train and test feature matrices\n",
    "scaler = StandardScaler()\n",
    "train_features = scaler.fit_transform(train_features)\n",
    "test_features = scaler.transform(test_features)\n",
    "np.random.seed(42)\n",
    "print(test_labels)"
   ]
  },
  {
   "cell_type": "code",
   "execution_count": 15,
   "metadata": {},
   "outputs": [
    {
     "data": {
      "text/plain": [
       "SVC(C=0.9, gamma=0.5, kernel='linear', probability=True)"
      ]
     },
     "execution_count": 15,
     "metadata": {},
     "output_type": "execute_result"
    }
   ],
   "source": [
    "#Train SVM classifier on train set\n",
    "clf = svm.SVC(kernel='linear', C=0.9, gamma=0.5, probability=True) # set probability to True to get class probabilities\n",
    "clf.fit(train_features, train_labels)\n"
   ]
  },
  {
   "cell_type": "code",
   "execution_count": 16,
   "metadata": {},
   "outputs": [],
   "source": [
    "import time\n",
    "clf= KNeighborsClassifier(n_neighbors=27, metric='minkowski', p=2 )\n",
    "start_time= time.time() \n",
    "clf.fit(train_features, train_labels)\n",
    "end_time=time.time()\n",
    "trainig_time= end_time-start_time\n",
    "#print(\"Trainig_Time : \",trainig_time)"
   ]
  },
  {
   "cell_type": "code",
   "execution_count": 17,
   "metadata": {},
   "outputs": [
    {
     "name": "stdout",
     "output_type": "stream",
     "text": [
      "Trainig_Time :  0.004995107650756836\n"
     ]
    }
   ],
   "source": [
    "from sklearn.tree import DecisionTreeClassifier  \n",
    "clf= DecisionTreeClassifier(criterion='entropy', random_state=42,max_depth=0.25) \n",
    "start_time= time.time() \n",
    "clf.fit(train_features, train_labels)\n",
    "end_time=time.time()\n",
    "trainig_time= end_time-start_time\n",
    "print(\"Trainig_Time : \",trainig_time)"
   ]
  },
  {
   "cell_type": "code",
   "execution_count": 18,
   "metadata": {},
   "outputs": [
    {
     "name": "stdout",
     "output_type": "stream",
     "text": [
      "Trainig_Time :  0.15390372276306152\n"
     ]
    }
   ],
   "source": [
    "from sklearn.ensemble import RandomForestClassifier\n",
    "clf= RandomForestClassifier(n_estimators=14, criterion=\"entropy\",random_state=5)  \n",
    "start_time= time.time() \n",
    "clf.fit(train_features, train_labels)\n",
    "end_time=time.time()\n",
    "trainig_time= end_time-start_time\n",
    "print(\"Trainig_Time : \",trainig_time)"
   ]
  },
  {
   "cell_type": "code",
   "execution_count": 19,
   "metadata": {},
   "outputs": [
    {
     "name": "stdout",
     "output_type": "stream",
     "text": [
      "Trainig_Time :  0.10993146896362305\n"
     ]
    }
   ],
   "source": [
    "from sklearn.ensemble import BaggingClassifier\n",
    "clf= BaggingClassifier(n_estimators=10,  random_state=5)  \n",
